<?xml version="1.0"?>
<opencv_storage>
<camera_matrix type_id="opencv-matrix">
  <rows>3</rows>
  <cols>3</cols>
  <dt>d</dt>
  <data>
    4.9836242385863483e+02 0. 4.1489132780214914e+02 0.
    4.9836242385863483e+02 2.5787490200497018e+02 0. 0. 1.</data></camera_matrix>
<distortion_coefficients type_id="opencv-matrix">
  <rows>1</rows>
  <cols>5</cols>
  <dt>d</dt>
  <data>
    1.1916388256144655e-01 -1.6903882746197396e-01 0. 0.
    7.5439696532677930e-02</data></distortion_coefficients>
</opencv_storage>
